2.83217 -0.837069 0.72 0 0 1
2.83217 -1.03707 0.72 0 0 1
2.83217 -1.23707 0.72 0 0 1
2.83217 -1.43707 0.72 0 0 1
2.83217 -1.63707 0.72 0 0 1
2.83217 -1.83707 0.72 0 0 1
2.83217 -2.03707 0.72 0 0 1
2.83217 -2.23707 0.72 0 0 1
2.83217 -2.43707 0.72 0 0 1
2.63217 -0.837069 0.72 0 0 1
2.63217 -1.03707 0.72 0 0 1
2.63217 -1.23707 0.72 0 0 1
2.63217 -1.43707 0.72 0 0 1
2.63217 -1.63707 0.72 0 0 1
2.63217 -1.83707 0.72 0 0 1
2.63217 -2.03707 0.72 0 0 1
2.63217 -2.23707 0.72 0 0 1
2.63217 -2.43707 0.72 0 0 1
2.43217 -0.837069 0.72 0 0 1
2.43217 -1.03707 0.72 0 0 1
2.43217 -1.23707 0.72 0 0 1
2.43217 -1.43707 0.72 0 0 1
2.43217 -1.63707 0.72 0 0 1
2.43217 -1.83707 0.72 0 0 1
2.43217 -2.03707 0.72 0 0 1
2.43217 -2.23707 0.72 0 0 1
2.43217 -2.43707 0.72 0 0 1
2.23217 -0.837069 0.72 0 0 1
2.23217 -1.03707 0.72 0 0 1
2.23217 -1.23707 0.72 0 0 1
2.23217 -1.43707 0.72 0 0 1
2.23217 -1.63707 0.72 0 0 1
2.23217 -1.83707 0.72 0 0 1
2.23217 -2.03707 0.72 0 0 1
2.23217 -2.23707 0.72 0 0 1
2.23217 -2.43707 0.72 0 0 1
