4.50218 1.0771 3.45 0 0 1
4.50218 0.877104 3.45 0 0 1
4.30218 1.0771 3.45 0 0 1
4.30218 0.877104 3.45 0 0 1
4.10218 1.0771 3.45 0 0 1
4.10218 0.877104 3.45 0 0 1
3.90218 1.0771 3.45 0 0 1
3.90218 0.877104 3.45 0 0 1
3.70218 1.8771 3.45 0 0 1
3.70218 1.6771 3.45 0 0 1
3.70218 1.4771 3.45 0 0 1
3.70218 1.2771 3.45 0 0 1
3.70218 1.0771 3.45 0 0 1
3.70218 0.877104 3.45 0 0 1
3.50218 1.8771 3.45 0 0 1
3.50218 1.6771 3.45 0 0 1
3.50218 1.4771 3.45 0 0 1
3.50218 1.2771 3.45 0 0 1
3.50218 1.0771 3.45 0 0 1
3.50218 0.877104 3.45 0 0 1
3.30218 1.8771 3.45 0 0 1
3.30218 1.6771 3.45 0 0 1
3.30218 1.4771 3.45 0 0 1
3.30218 1.2771 3.45 0 0 1
3.30218 1.0771 3.45 0 0 1
3.30218 0.877104 3.45 0 0 1
3.10218 1.8771 3.45 0 0 1
3.10218 1.6771 3.45 0 0 1
3.10218 1.4771 3.45 0 0 1
3.10218 1.2771 3.45 0 0 1
3.10218 1.0771 3.45 0 0 1
3.10218 0.877104 3.45 0 0 1
2.90218 1.8771 3.45 0 0 1
2.90218 1.6771 3.45 0 0 1
2.90218 1.4771 3.45 0 0 1
2.90218 1.2771 3.45 0 0 1
2.90218 1.0771 3.45 0 0 1
2.90218 0.877104 3.45 0 0 1
2.70218 1.8771 3.45 0 0 1
2.70218 1.6771 3.45 0 0 1
2.70218 1.4771 3.45 0 0 1
2.70218 1.2771 3.45 0 0 1
2.70218 1.0771 3.45 0 0 1
2.70218 0.877104 3.45 0 0 1
2.50218 1.8771 3.45 0 0 1
2.50218 1.6771 3.45 0 0 1
2.50218 1.4771 3.45 0 0 1
2.50218 1.2771 3.45 0 0 1
2.50218 1.0771 3.45 0 0 1
2.50218 0.877104 3.45 0 0 1
2.30218 1.8771 3.45 0 0 1
2.30218 1.6771 3.45 0 0 1
2.30218 1.4771 3.45 0 0 1
2.30218 1.2771 3.45 0 0 1
2.30218 1.0771 3.45 0 0 1
2.30218 0.877104 3.45 0 0 1
