5.70448 0.275096 0.75 0 0 1
5.70448 0.075096 0.75 0 0 1
5.70448 -0.124904 0.75 0 0 1
5.70448 -0.324904 0.75 0 0 1
5.70448 -0.524904 0.75 0 0 1
5.70448 -0.724904 0.75 0 0 1
5.70448 -0.924904 0.75 0 0 1
5.70448 -1.1249 0.75 0 0 1
5.70448 -1.3249 0.75 0 0 1
5.70448 -1.5249 0.75 0 0 1
5.70448 -1.7249 0.75 0 0 1
5.70448 -1.9249 0.75 0 0 1
5.70448 -2.1249 0.75 0 0 1
5.70448 -2.3249 0.75 0 0 1
5.70448 -2.5249 0.75 0 0 1
5.50448 0.275096 0.75 0 0 1
5.50448 0.075096 0.75 0 0 1
5.50448 -0.124904 0.75 0 0 1
5.50448 -0.324904 0.75 0 0 1
5.50448 -0.524904 0.75 0 0 1
5.50448 -0.724904 0.75 0 0 1
5.50448 -0.924904 0.75 0 0 1
5.50448 -1.1249 0.75 0 0 1
5.50448 -1.3249 0.75 0 0 1
5.50448 -1.5249 0.75 0 0 1
5.50448 -1.7249 0.75 0 0 1
5.50448 -1.9249 0.75 0 0 1
5.50448 -2.1249 0.75 0 0 1
5.50448 -2.3249 0.75 0 0 1
5.50448 -2.5249 0.75 0 0 1
5.30448 0.275096 0.75 0 0 1
5.30448 0.075096 0.75 0 0 1
5.30448 -0.124904 0.75 0 0 1
5.30448 -0.324904 0.75 0 0 1
5.30448 -0.524904 0.75 0 0 1
5.30448 -0.724904 0.75 0 0 1
5.30448 -0.924904 0.75 0 0 1
5.30448 -1.1249 0.75 0 0 1
5.30448 -1.3249 0.75 0 0 1
5.30448 -1.5249 0.75 0 0 1
5.30448 -1.7249 0.75 0 0 1
5.30448 -1.9249 0.75 0 0 1
5.30448 -2.1249 0.75 0 0 1
5.30448 -2.3249 0.75 0 0 1
5.30448 -2.5249 0.75 0 0 1
5.10448 0.275096 0.75 0 0 1
5.10448 0.075096 0.75 0 0 1
5.10448 -0.124904 0.75 0 0 1
5.10448 -0.324904 0.75 0 0 1
5.10448 -0.524904 0.75 0 0 1
5.10448 -0.724904 0.75 0 0 1
5.10448 -0.924904 0.75 0 0 1
5.10448 -1.1249 0.75 0 0 1
5.10448 -1.3249 0.75 0 0 1
5.10448 -1.5249 0.75 0 0 1
5.10448 -1.7249 0.75 0 0 1
5.10448 -1.9249 0.75 0 0 1
5.10448 -2.1249 0.75 0 0 1
5.10448 -2.3249 0.75 0 0 1
5.10448 -2.5249 0.75 0 0 1
4.90448 0.275096 0.75 0 0 1
4.90448 0.075096 0.75 0 0 1
4.90448 -0.124904 0.75 0 0 1
4.90448 -0.324904 0.75 0 0 1
4.90448 -0.524904 0.75 0 0 1
4.90448 -0.724904 0.75 0 0 1
4.90448 -0.924904 0.75 0 0 1
4.90448 -1.1249 0.75 0 0 1
4.90448 -1.3249 0.75 0 0 1
4.90448 -1.5249 0.75 0 0 1
4.90448 -1.7249 0.75 0 0 1
4.90448 -1.9249 0.75 0 0 1
4.90448 -2.1249 0.75 0 0 1
4.90448 -2.3249 0.75 0 0 1
4.90448 -2.5249 0.75 0 0 1
4.70448 0.275096 0.75 0 0 1
4.70448 0.075096 0.75 0 0 1
4.70448 -0.124904 0.75 0 0 1
4.70448 -0.324904 0.75 0 0 1
4.70448 -0.524904 0.75 0 0 1
4.70448 -0.724904 0.75 0 0 1
4.70448 -0.924904 0.75 0 0 1
4.70448 -1.1249 0.75 0 0 1
4.70448 -1.3249 0.75 0 0 1
4.70448 -1.5249 0.75 0 0 1
4.70448 -1.7249 0.75 0 0 1
4.70448 -1.9249 0.75 0 0 1
4.70448 -2.1249 0.75 0 0 1
4.70448 -2.3249 0.75 0 0 1
4.70448 -2.5249 0.75 0 0 1
4.50448 0.275096 0.75 0 0 1
4.50448 0.075096 0.75 0 0 1
4.50448 -0.124904 0.75 0 0 1
4.50448 -0.324904 0.75 0 0 1
4.50448 -0.524904 0.75 0 0 1
4.50448 -0.724904 0.75 0 0 1
4.50448 -0.924904 0.75 0 0 1
4.50448 -1.1249 0.75 0 0 1
4.50448 -1.3249 0.75 0 0 1
4.50448 -1.5249 0.75 0 0 1
4.50448 -1.7249 0.75 0 0 1
4.50448 -1.9249 0.75 0 0 1
4.50448 -2.1249 0.75 0 0 1
4.50448 -2.3249 0.75 0 0 1
4.50448 -2.5249 0.75 0 0 1
4.30448 0.275096 0.75 0 0 1
4.30448 0.075096 0.75 0 0 1
4.30448 -0.124904 0.75 0 0 1
4.30448 -0.324904 0.75 0 0 1
4.30448 -0.524904 0.75 0 0 1
4.30448 -0.724904 0.75 0 0 1
4.30448 -0.924904 0.75 0 0 1
4.30448 -1.1249 0.75 0 0 1
4.30448 -1.3249 0.75 0 0 1
4.30448 -1.5249 0.75 0 0 1
4.30448 -1.7249 0.75 0 0 1
4.30448 -1.9249 0.75 0 0 1
4.30448 -2.1249 0.75 0 0 1
4.30448 -2.3249 0.75 0 0 1
4.30448 -2.5249 0.75 0 0 1
4.10448 0.275096 0.75 0 0 1
4.10448 0.075096 0.75 0 0 1
4.10448 -0.124904 0.75 0 0 1
4.10448 -0.324904 0.75 0 0 1
4.10448 -0.524904 0.75 0 0 1
4.10448 -0.724904 0.75 0 0 1
4.10448 -0.924904 0.75 0 0 1
4.10448 -1.1249 0.75 0 0 1
4.10448 -1.3249 0.75 0 0 1
4.10448 -1.5249 0.75 0 0 1
4.10448 -1.7249 0.75 0 0 1
4.10448 -1.9249 0.75 0 0 1
4.10448 -2.1249 0.75 0 0 1
4.10448 -2.3249 0.75 0 0 1
4.10448 -2.5249 0.75 0 0 1
3.90448 0.275096 0.75 0 0 1
3.90448 0.075096 0.75 0 0 1
3.90448 -0.124904 0.75 0 0 1
3.90448 -0.324904 0.75 0 0 1
3.90448 -0.524904 0.75 0 0 1
3.90448 -0.724904 0.75 0 0 1
3.90448 -0.924904 0.75 0 0 1
3.90448 -1.1249 0.75 0 0 1
3.90448 -1.3249 0.75 0 0 1
3.90448 -1.5249 0.75 0 0 1
3.90448 -1.7249 0.75 0 0 1
3.90448 -1.9249 0.75 0 0 1
3.90448 -2.1249 0.75 0 0 1
3.90448 -2.3249 0.75 0 0 1
3.90448 -2.5249 0.75 0 0 1
3.70448 0.275096 0.75 0 0 1
3.70448 0.075096 0.75 0 0 1
3.70448 -0.124904 0.75 0 0 1
3.70448 -0.324904 0.75 0 0 1
3.70448 -0.524904 0.75 0 0 1
3.70448 -0.724904 0.75 0 0 1
3.70448 -0.924904 0.75 0 0 1
3.70448 -1.1249 0.75 0 0 1
3.70448 -1.3249 0.75 0 0 1
3.70448 -1.5249 0.75 0 0 1
3.70448 -1.7249 0.75 0 0 1
3.70448 -1.9249 0.75 0 0 1
3.70448 -2.1249 0.75 0 0 1
3.70448 -2.3249 0.75 0 0 1
3.70448 -2.5249 0.75 0 0 1
3.50448 0.275096 0.75 0 0 1
3.50448 0.075096 0.75 0 0 1
3.50448 -0.124904 0.75 0 0 1
3.50448 -0.324904 0.75 0 0 1
3.50448 -0.524904 0.75 0 0 1
3.50448 -0.724904 0.75 0 0 1
3.50448 -0.924904 0.75 0 0 1
3.50448 -1.1249 0.75 0 0 1
3.50448 -1.3249 0.75 0 0 1
3.50448 -1.5249 0.75 0 0 1
3.50448 -1.7249 0.75 0 0 1
3.50448 -1.9249 0.75 0 0 1
3.50448 -2.1249 0.75 0 0 1
3.50448 -2.3249 0.75 0 0 1
3.50448 -2.5249 0.75 0 0 1
3.30448 0.275096 0.75 0 0 1
3.30448 0.075096 0.75 0 0 1
3.30448 -0.124904 0.75 0 0 1
3.30448 -0.324904 0.75 0 0 1
3.10448 0.275096 0.75 0 0 1
3.10448 0.075096 0.75 0 0 1
3.10448 -0.124904 0.75 0 0 1
3.10448 -0.324904 0.75 0 0 1
2.90448 0.275096 0.75 0 0 1
2.90448 0.075096 0.75 0 0 1
2.90448 -0.124904 0.75 0 0 1
2.90448 -0.324904 0.75 0 0 1
2.70448 0.275096 0.75 0 0 1
2.70448 0.075096 0.75 0 0 1
2.70448 -0.124904 0.75 0 0 1
2.70448 -0.324904 0.75 0 0 1
2.50448 0.275096 0.75 0 0 1
2.50448 0.075096 0.75 0 0 1
2.50448 -0.124904 0.75 0 0 1
2.50448 -0.324904 0.75 0 0 1
2.30448 0.275096 0.75 0 0 1
2.30448 0.075096 0.75 0 0 1
2.30448 -0.124904 0.75 0 0 1
2.30448 -0.324904 0.75 0 0 1
