5.70448 4.9511 0.75 0 0 1
5.70448 4.7511 0.75 0 0 1
5.70448 4.5511 0.75 0 0 1
5.70448 4.3511 0.75 0 0 1
5.70448 4.1511 0.75 0 0 1
5.70448 3.9511 0.75 0 0 1
5.70448 3.7511 0.75 0 0 1
5.70448 3.5511 0.75 0 0 1
5.70448 3.3511 0.75 0 0 1
5.70448 3.1511 0.75 0 0 1
5.70448 2.9511 0.75 0 0 1
5.70448 2.7511 0.75 0 0 1
5.70448 2.5511 0.75 0 0 1
5.50448 4.9511 0.75 0 0 1
5.50448 4.7511 0.75 0 0 1
5.50448 4.5511 0.75 0 0 1
5.50448 4.3511 0.75 0 0 1
5.50448 4.1511 0.75 0 0 1
5.50448 3.9511 0.75 0 0 1
5.50448 3.7511 0.75 0 0 1
5.50448 3.5511 0.75 0 0 1
5.50448 3.3511 0.75 0 0 1
5.50448 3.1511 0.75 0 0 1
5.50448 2.9511 0.75 0 0 1
5.50448 2.7511 0.75 0 0 1
5.50448 2.5511 0.75 0 0 1
5.30448 4.9511 0.75 0 0 1
5.30448 4.7511 0.75 0 0 1
5.30448 4.5511 0.75 0 0 1
5.30448 4.3511 0.75 0 0 1
5.30448 4.1511 0.75 0 0 1
5.30448 3.9511 0.75 0 0 1
5.30448 3.7511 0.75 0 0 1
5.30448 3.5511 0.75 0 0 1
5.30448 3.3511 0.75 0 0 1
5.30448 3.1511 0.75 0 0 1
5.30448 2.9511 0.75 0 0 1
5.30448 2.7511 0.75 0 0 1
5.30448 2.5511 0.75 0 0 1
5.10448 4.9511 0.75 0 0 1
5.10448 4.7511 0.75 0 0 1
5.10448 4.5511 0.75 0 0 1
5.10448 4.3511 0.75 0 0 1
5.10448 4.1511 0.75 0 0 1
5.10448 3.9511 0.75 0 0 1
5.10448 3.7511 0.75 0 0 1
5.10448 3.5511 0.75 0 0 1
5.10448 3.3511 0.75 0 0 1
5.10448 3.1511 0.75 0 0 1
5.10448 2.9511 0.75 0 0 1
5.10448 2.7511 0.75 0 0 1
5.10448 2.5511 0.75 0 0 1
4.90448 4.9511 0.75 0 0 1
4.90448 4.7511 0.75 0 0 1
4.90448 4.5511 0.75 0 0 1
4.90448 4.3511 0.75 0 0 1
4.90448 4.1511 0.75 0 0 1
4.90448 3.9511 0.75 0 0 1
4.90448 3.7511 0.75 0 0 1
4.90448 3.5511 0.75 0 0 1
4.90448 3.3511 0.75 0 0 1
4.90448 3.1511 0.75 0 0 1
4.90448 2.9511 0.75 0 0 1
4.90448 2.7511 0.75 0 0 1
4.90448 2.5511 0.75 0 0 1
4.90448 2.3511 0.75 0 0 1
4.90448 2.1511 0.75 0 0 1
4.90448 1.9511 0.75 0 0 1
4.90448 1.7511 0.75 0 0 1
4.70448 4.9511 0.75 0 0 1
4.70448 4.7511 0.75 0 0 1
4.70448 4.5511 0.75 0 0 1
4.70448 4.3511 0.75 0 0 1
4.70448 4.1511 0.75 0 0 1
4.70448 3.9511 0.75 0 0 1
4.70448 3.7511 0.75 0 0 1
4.70448 3.5511 0.75 0 0 1
4.70448 3.3511 0.75 0 0 1
4.70448 3.1511 0.75 0 0 1
4.70448 2.9511 0.75 0 0 1
4.70448 2.7511 0.75 0 0 1
4.70448 2.5511 0.75 0 0 1
4.70448 2.3511 0.75 0 0 1
4.70448 2.1511 0.75 0 0 1
4.70448 1.9511 0.75 0 0 1
4.70448 1.7511 0.75 0 0 1
4.50448 4.9511 0.75 0 0 1
4.50448 4.7511 0.75 0 0 1
4.50448 4.5511 0.75 0 0 1
4.50448 4.3511 0.75 0 0 1
4.50448 4.1511 0.75 0 0 1
4.50448 3.9511 0.75 0 0 1
4.50448 3.7511 0.75 0 0 1
4.50448 3.5511 0.75 0 0 1
4.50448 3.3511 0.75 0 0 1
4.50448 3.1511 0.75 0 0 1
4.50448 2.9511 0.75 0 0 1
4.50448 2.7511 0.75 0 0 1
4.50448 2.5511 0.75 0 0 1
4.50448 2.3511 0.75 0 0 1
4.50448 2.1511 0.75 0 0 1
4.50448 1.9511 0.75 0 0 1
4.50448 1.7511 0.75 0 0 1
4.30448 4.9511 0.75 0 0 1
4.30448 4.7511 0.75 0 0 1
4.30448 4.5511 0.75 0 0 1
4.30448 4.3511 0.75 0 0 1
4.30448 4.1511 0.75 0 0 1
4.30448 3.9511 0.75 0 0 1
4.30448 3.7511 0.75 0 0 1
4.30448 3.5511 0.75 0 0 1
4.30448 3.3511 0.75 0 0 1
4.30448 3.1511 0.75 0 0 1
4.30448 2.9511 0.75 0 0 1
4.30448 2.7511 0.75 0 0 1
4.30448 2.5511 0.75 0 0 1
4.30448 2.3511 0.75 0 0 1
4.30448 2.1511 0.75 0 0 1
4.30448 1.9511 0.75 0 0 1
4.30448 1.7511 0.75 0 0 1
4.10448 4.9511 0.75 0 0 1
4.10448 4.7511 0.75 0 0 1
4.10448 4.5511 0.75 0 0 1
4.10448 4.3511 0.75 0 0 1
4.10448 4.1511 0.75 0 0 1
4.10448 3.9511 0.75 0 0 1
4.10448 3.7511 0.75 0 0 1
4.10448 3.5511 0.75 0 0 1
4.10448 3.3511 0.75 0 0 1
4.10448 3.1511 0.75 0 0 1
4.10448 2.9511 0.75 0 0 1
4.10448 2.7511 0.75 0 0 1
4.10448 2.5511 0.75 0 0 1
4.10448 2.3511 0.75 0 0 1
4.10448 2.1511 0.75 0 0 1
4.10448 1.9511 0.75 0 0 1
4.10448 1.7511 0.75 0 0 1
3.90448 4.9511 0.75 0 0 1
3.90448 4.7511 0.75 0 0 1
3.90448 4.5511 0.75 0 0 1
3.90448 4.3511 0.75 0 0 1
3.90448 4.1511 0.75 0 0 1
3.90448 3.9511 0.75 0 0 1
3.90448 3.7511 0.75 0 0 1
3.90448 3.5511 0.75 0 0 1
3.90448 3.3511 0.75 0 0 1
3.90448 3.1511 0.75 0 0 1
3.90448 2.9511 0.75 0 0 1
3.90448 2.7511 0.75 0 0 1
3.90448 2.5511 0.75 0 0 1
3.90448 2.3511 0.75 0 0 1
3.90448 2.1511 0.75 0 0 1
3.90448 1.9511 0.75 0 0 1
3.90448 1.7511 0.75 0 0 1
3.70448 4.9511 0.75 0 0 1
3.70448 4.7511 0.75 0 0 1
3.70448 4.5511 0.75 0 0 1
3.70448 4.3511 0.75 0 0 1
3.70448 4.1511 0.75 0 0 1
3.70448 3.9511 0.75 0 0 1
3.70448 3.7511 0.75 0 0 1
3.70448 3.5511 0.75 0 0 1
3.70448 3.3511 0.75 0 0 1
3.70448 3.1511 0.75 0 0 1
3.70448 2.9511 0.75 0 0 1
3.70448 2.7511 0.75 0 0 1
3.70448 2.5511 0.75 0 0 1
3.70448 2.3511 0.75 0 0 1
3.70448 2.1511 0.75 0 0 1
3.70448 1.9511 0.75 0 0 1
3.70448 1.7511 0.75 0 0 1
3.50448 4.9511 0.75 0 0 1
3.50448 4.7511 0.75 0 0 1
3.50448 4.5511 0.75 0 0 1
3.50448 4.3511 0.75 0 0 1
3.50448 4.1511 0.75 0 0 1
3.50448 3.9511 0.75 0 0 1
3.50448 3.7511 0.75 0 0 1
3.50448 3.5511 0.75 0 0 1
3.50448 3.3511 0.75 0 0 1
3.50448 3.1511 0.75 0 0 1
3.50448 2.9511 0.75 0 0 1
3.50448 2.7511 0.75 0 0 1
3.50448 2.5511 0.75 0 0 1
3.50448 2.3511 0.75 0 0 1
3.50448 2.1511 0.75 0 0 1
3.50448 1.9511 0.75 0 0 1
3.50448 1.7511 0.75 0 0 1
3.30448 4.9511 0.75 0 0 1
3.30448 4.7511 0.75 0 0 1
3.30448 4.5511 0.75 0 0 1
3.30448 4.3511 0.75 0 0 1
3.30448 4.1511 0.75 0 0 1
3.30448 3.9511 0.75 0 0 1
3.30448 3.7511 0.75 0 0 1
3.30448 3.5511 0.75 0 0 1
3.30448 3.3511 0.75 0 0 1
3.30448 3.1511 0.75 0 0 1
3.30448 2.9511 0.75 0 0 1
3.30448 2.7511 0.75 0 0 1
3.30448 2.5511 0.75 0 0 1
3.30448 2.3511 0.75 0 0 1
3.30448 2.1511 0.75 0 0 1
3.30448 1.9511 0.75 0 0 1
3.30448 1.7511 0.75 0 0 1
3.10448 4.9511 0.75 0 0 1
3.10448 4.7511 0.75 0 0 1
3.10448 4.5511 0.75 0 0 1
3.10448 4.3511 0.75 0 0 1
3.10448 4.1511 0.75 0 0 1
3.10448 3.9511 0.75 0 0 1
3.10448 3.7511 0.75 0 0 1
3.10448 3.5511 0.75 0 0 1
3.10448 3.3511 0.75 0 0 1
3.10448 3.1511 0.75 0 0 1
3.10448 2.9511 0.75 0 0 1
3.10448 2.7511 0.75 0 0 1
3.10448 2.5511 0.75 0 0 1
3.10448 2.3511 0.75 0 0 1
3.10448 2.1511 0.75 0 0 1
3.10448 1.9511 0.75 0 0 1
3.10448 1.7511 0.75 0 0 1
2.90448 4.9511 0.75 0 0 1
2.90448 4.7511 0.75 0 0 1
2.90448 4.5511 0.75 0 0 1
2.90448 4.3511 0.75 0 0 1
2.90448 4.1511 0.75 0 0 1
2.90448 3.9511 0.75 0 0 1
2.90448 3.7511 0.75 0 0 1
2.90448 3.5511 0.75 0 0 1
2.90448 3.3511 0.75 0 0 1
2.90448 3.1511 0.75 0 0 1
2.90448 2.9511 0.75 0 0 1
2.90448 2.7511 0.75 0 0 1
2.90448 2.5511 0.75 0 0 1
2.90448 2.3511 0.75 0 0 1
2.70448 4.9511 0.75 0 0 1
2.70448 4.7511 0.75 0 0 1
2.70448 4.5511 0.75 0 0 1
2.70448 4.3511 0.75 0 0 1
2.70448 4.1511 0.75 0 0 1
2.70448 3.9511 0.75 0 0 1
2.70448 3.7511 0.75 0 0 1
2.70448 3.5511 0.75 0 0 1
2.70448 3.3511 0.75 0 0 1
2.70448 3.1511 0.75 0 0 1
2.70448 2.9511 0.75 0 0 1
2.70448 2.7511 0.75 0 0 1
2.70448 2.5511 0.75 0 0 1
2.50448 4.9511 0.75 0 0 1
2.50448 4.7511 0.75 0 0 1
2.50448 4.5511 0.75 0 0 1
2.50448 4.3511 0.75 0 0 1
2.50448 4.1511 0.75 0 0 1
2.50448 3.9511 0.75 0 0 1
2.50448 3.7511 0.75 0 0 1
2.50448 3.5511 0.75 0 0 1
2.50448 3.3511 0.75 0 0 1
2.50448 3.1511 0.75 0 0 1
2.50448 2.9511 0.75 0 0 1
2.50448 2.7511 0.75 0 0 1
2.50448 2.5511 0.75 0 0 1
2.30448 4.9511 0.75 0 0 1
2.30448 4.7511 0.75 0 0 1
2.30448 4.5511 0.75 0 0 1
2.30448 4.3511 0.75 0 0 1
2.30448 4.1511 0.75 0 0 1
2.30448 3.9511 0.75 0 0 1
2.30448 3.7511 0.75 0 0 1
2.30448 3.5511 0.75 0 0 1
2.30448 3.3511 0.75 0 0 1
2.30448 3.1511 0.75 0 0 1
2.30448 2.9511 0.75 0 0 1
2.30448 2.7511 0.75 0 0 1
2.30448 2.5511 0.75 0 0 1
2.10448 4.9511 0.75 0 0 1
2.10448 4.7511 0.75 0 0 1
2.10448 4.5511 0.75 0 0 1
2.10448 4.3511 0.75 0 0 1
2.10448 4.1511 0.75 0 0 1
2.10448 3.9511 0.75 0 0 1
2.10448 3.7511 0.75 0 0 1
2.10448 3.5511 0.75 0 0 1
2.10448 3.3511 0.75 0 0 1
2.10448 3.1511 0.75 0 0 1
2.10448 2.9511 0.75 0 0 1
2.10448 2.7511 0.75 0 0 1
2.10448 2.5511 0.75 0 0 1
1.90448 4.9511 0.75 0 0 1
1.90448 4.7511 0.75 0 0 1
1.90448 4.5511 0.75 0 0 1
1.90448 4.3511 0.75 0 0 1
1.90448 4.1511 0.75 0 0 1
1.90448 3.9511 0.75 0 0 1
1.90448 3.7511 0.75 0 0 1
1.90448 3.5511 0.75 0 0 1
1.90448 3.3511 0.75 0 0 1
1.90448 3.1511 0.75 0 0 1
1.90448 2.9511 0.75 0 0 1
1.90448 2.7511 0.75 0 0 1
1.90448 2.5511 0.75 0 0 1
1.70448 4.9511 0.75 0 0 1
1.70448 4.7511 0.75 0 0 1
1.70448 4.5511 0.75 0 0 1
1.70448 4.3511 0.75 0 0 1
1.70448 4.1511 0.75 0 0 1
1.70448 3.9511 0.75 0 0 1
1.70448 3.7511 0.75 0 0 1
1.70448 3.5511 0.75 0 0 1
1.70448 3.3511 0.75 0 0 1
1.70448 3.1511 0.75 0 0 1
1.70448 2.9511 0.75 0 0 1
1.70448 2.7511 0.75 0 0 1
1.70448 2.5511 0.75 0 0 1
1.50448 4.9511 0.75 0 0 1
1.50448 4.7511 0.75 0 0 1
1.50448 4.5511 0.75 0 0 1
1.50448 4.3511 0.75 0 0 1
1.50448 4.1511 0.75 0 0 1
1.50448 3.9511 0.75 0 0 1
1.50448 3.7511 0.75 0 0 1
1.50448 3.5511 0.75 0 0 1
1.50448 3.3511 0.75 0 0 1
1.50448 3.1511 0.75 0 0 1
1.50448 2.9511 0.75 0 0 1
1.50448 2.7511 0.75 0 0 1
1.50448 2.5511 0.75 0 0 1
1.30448 4.9511 0.75 0 0 1
1.30448 4.7511 0.75 0 0 1
1.30448 4.5511 0.75 0 0 1
1.30448 4.3511 0.75 0 0 1
1.30448 4.1511 0.75 0 0 1
1.30448 3.9511 0.75 0 0 1
1.30448 3.7511 0.75 0 0 1
1.30448 3.5511 0.75 0 0 1
1.30448 3.3511 0.75 0 0 1
1.30448 3.1511 0.75 0 0 1
1.30448 2.9511 0.75 0 0 1
1.30448 2.7511 0.75 0 0 1
1.30448 2.5511 0.75 0 0 1
1.10448 4.9511 0.75 0 0 1
1.10448 4.7511 0.75 0 0 1
1.10448 4.5511 0.75 0 0 1
1.10448 4.3511 0.75 0 0 1
1.10448 4.1511 0.75 0 0 1
1.10448 3.9511 0.75 0 0 1
1.10448 3.7511 0.75 0 0 1
1.10448 3.5511 0.75 0 0 1
1.10448 3.3511 0.75 0 0 1
1.10448 3.1511 0.75 0 0 1
1.10448 2.9511 0.75 0 0 1
1.10448 2.7511 0.75 0 0 1
1.10448 2.5511 0.75 0 0 1
0.904485 4.9511 0.75 0 0 1
0.904485 4.7511 0.75 0 0 1
0.904485 4.5511 0.75 0 0 1
0.904485 4.3511 0.75 0 0 1
0.904485 4.1511 0.75 0 0 1
0.904485 3.9511 0.75 0 0 1
0.904485 3.7511 0.75 0 0 1
0.904485 3.5511 0.75 0 0 1
0.904485 3.3511 0.75 0 0 1
0.904485 3.1511 0.75 0 0 1
0.904485 2.9511 0.75 0 0 1
0.904485 2.7511 0.75 0 0 1
0.904485 2.5511 0.75 0 0 1
0.704485 4.9511 0.75 0 0 1
0.704485 4.7511 0.75 0 0 1
0.704485 4.5511 0.75 0 0 1
0.704485 4.3511 0.75 0 0 1
0.704485 4.1511 0.75 0 0 1
0.704485 3.9511 0.75 0 0 1
0.704485 3.7511 0.75 0 0 1
0.704485 3.5511 0.75 0 0 1
0.704485 3.3511 0.75 0 0 1
0.704485 3.1511 0.75 0 0 1
0.704485 2.9511 0.75 0 0 1
0.704485 2.7511 0.75 0 0 1
0.704485 2.5511 0.75 0 0 1
0.504485 4.9511 0.75 0 0 1
0.504485 4.7511 0.75 0 0 1
0.504485 4.5511 0.75 0 0 1
0.504485 4.3511 0.75 0 0 1
0.504485 4.1511 0.75 0 0 1
0.504485 3.9511 0.75 0 0 1
0.504485 3.7511 0.75 0 0 1
0.504485 3.5511 0.75 0 0 1
0.504485 3.3511 0.75 0 0 1
0.504485 3.1511 0.75 0 0 1
0.504485 2.9511 0.75 0 0 1
0.504485 2.7511 0.75 0 0 1
0.504485 2.5511 0.75 0 0 1
0.304485 4.9511 0.75 0 0 1
0.304485 4.7511 0.75 0 0 1
0.304485 4.5511 0.75 0 0 1
0.304485 4.3511 0.75 0 0 1
0.304485 4.1511 0.75 0 0 1
0.304485 3.9511 0.75 0 0 1
0.304485 3.7511 0.75 0 0 1
0.304485 3.5511 0.75 0 0 1
0.304485 3.3511 0.75 0 0 1
0.304485 3.1511 0.75 0 0 1
0.304485 2.9511 0.75 0 0 1
0.304485 2.7511 0.75 0 0 1
0.304485 2.5511 0.75 0 0 1
0.104485 4.9511 0.75 0 0 1
0.104485 4.7511 0.75 0 0 1
0.104485 4.5511 0.75 0 0 1
0.104485 4.3511 0.75 0 0 1
0.104485 4.1511 0.75 0 0 1
0.104485 3.9511 0.75 0 0 1
0.104485 3.7511 0.75 0 0 1
0.104485 3.5511 0.75 0 0 1
0.104485 3.3511 0.75 0 0 1
0.104485 3.1511 0.75 0 0 1
0.104485 2.9511 0.75 0 0 1
0.104485 2.7511 0.75 0 0 1
0.104485 2.5511 0.75 0 0 1
-0.0955154 4.9511 0.75 0 0 1
-0.0955154 4.7511 0.75 0 0 1
-0.0955154 4.5511 0.75 0 0 1
-0.0955154 4.3511 0.75 0 0 1
-0.0955154 4.1511 0.75 0 0 1
-0.0955154 3.9511 0.75 0 0 1
-0.0955154 3.7511 0.75 0 0 1
-0.0955154 3.5511 0.75 0 0 1
-0.0955154 3.3511 0.75 0 0 1
-0.0955154 3.1511 0.75 0 0 1
-0.0955154 2.9511 0.75 0 0 1
-0.0955154 2.7511 0.75 0 0 1
-0.0955154 2.5511 0.75 0 0 1
-0.295515 4.9511 0.75 0 0 1
-0.295515 4.7511 0.75 0 0 1
-0.295515 4.5511 0.75 0 0 1
-0.295515 4.3511 0.75 0 0 1
-0.295515 4.1511 0.75 0 0 1
-0.295515 3.9511 0.75 0 0 1
-0.295515 3.7511 0.75 0 0 1
-0.295515 3.5511 0.75 0 0 1
-0.295515 3.3511 0.75 0 0 1
-0.295515 3.1511 0.75 0 0 1
-0.295515 2.9511 0.75 0 0 1
-0.295515 2.7511 0.75 0 0 1
-0.295515 2.5511 0.75 0 0 1
-0.495515 4.9511 0.75 0 0 1
-0.495515 4.7511 0.75 0 0 1
-0.495515 4.5511 0.75 0 0 1
-0.495515 4.3511 0.75 0 0 1
-0.495515 4.1511 0.75 0 0 1
-0.495515 3.9511 0.75 0 0 1
-0.495515 3.7511 0.75 0 0 1
-0.495515 3.5511 0.75 0 0 1
-0.495515 3.3511 0.75 0 0 1
-0.495515 3.1511 0.75 0 0 1
-0.495515 2.9511 0.75 0 0 1
-0.495515 2.7511 0.75 0 0 1
-0.495515 2.5511 0.75 0 0 1
-0.695515 4.9511 0.75 0 0 1
-0.695515 4.7511 0.75 0 0 1
-0.695515 4.5511 0.75 0 0 1
-0.695515 4.3511 0.75 0 0 1
-0.695515 4.1511 0.75 0 0 1
-0.695515 3.9511 0.75 0 0 1
-0.695515 3.7511 0.75 0 0 1
-0.695515 3.5511 0.75 0 0 1
-0.695515 3.3511 0.75 0 0 1
-0.695515 3.1511 0.75 0 0 1
-0.695515 2.9511 0.75 0 0 1
-0.695515 2.7511 0.75 0 0 1
-0.695515 2.5511 0.75 0 0 1
-0.895515 4.9511 0.75 0 0 1
-0.895515 4.7511 0.75 0 0 1
-0.895515 4.5511 0.75 0 0 1
-0.895515 4.3511 0.75 0 0 1
-0.895515 4.1511 0.75 0 0 1
-0.895515 3.9511 0.75 0 0 1
-0.895515 3.7511 0.75 0 0 1
-0.895515 3.5511 0.75 0 0 1
-0.895515 3.3511 0.75 0 0 1
-0.895515 3.1511 0.75 0 0 1
-0.895515 2.9511 0.75 0 0 1
-0.895515 2.7511 0.75 0 0 1
-0.895515 2.5511 0.75 0 0 1
-1.09552 4.9511 0.75 0 0 1
-1.09552 4.7511 0.75 0 0 1
-1.09552 4.5511 0.75 0 0 1
-1.09552 4.3511 0.75 0 0 1
-1.09552 4.1511 0.75 0 0 1
-1.09552 3.9511 0.75 0 0 1
-1.09552 3.7511 0.75 0 0 1
-1.09552 3.5511 0.75 0 0 1
-1.09552 3.3511 0.75 0 0 1
-1.09552 3.1511 0.75 0 0 1
-1.09552 2.9511 0.75 0 0 1
-1.09552 2.7511 0.75 0 0 1
-1.09552 2.5511 0.75 0 0 1
-1.29552 4.9511 0.75 0 0 1
-1.29552 4.7511 0.75 0 0 1
-1.29552 4.5511 0.75 0 0 1
-1.29552 4.3511 0.75 0 0 1
-1.29552 4.1511 0.75 0 0 1
-1.29552 3.9511 0.75 0 0 1
-1.29552 3.7511 0.75 0 0 1
-1.29552 3.5511 0.75 0 0 1
-1.29552 3.3511 0.75 0 0 1
-1.29552 3.1511 0.75 0 0 1
-1.29552 2.9511 0.75 0 0 1
-1.29552 2.7511 0.75 0 0 1
-1.29552 2.5511 0.75 0 0 1
