3.53308 -1.81989 3.45 0 0 1
3.53308 -2.01989 3.45 0 0 1
3.53308 -2.21989 3.45 0 0 1
3.53308 -2.41989 3.45 0 0 1
3.53308 -2.61989 3.45 0 0 1
3.33308 -1.81989 3.45 0 0 1
3.33308 -2.01989 3.45 0 0 1
3.33308 -2.21989 3.45 0 0 1
3.33308 -2.41989 3.45 0 0 1
3.33308 -2.61989 3.45 0 0 1
3.13308 -1.81989 3.45 0 0 1
3.13308 -2.01989 3.45 0 0 1
3.13308 -2.21989 3.45 0 0 1
3.13308 -2.41989 3.45 0 0 1
3.13308 -2.61989 3.45 0 0 1
2.93308 -1.81989 3.45 0 0 1
2.93308 -2.01989 3.45 0 0 1
2.93308 -2.21989 3.45 0 0 1
2.93308 -2.41989 3.45 0 0 1
2.93308 -2.61989 3.45 0 0 1
2.73308 -1.81989 3.45 0 0 1
2.73308 -2.01989 3.45 0 0 1
2.73308 -2.21989 3.45 0 0 1
2.73308 -2.41989 3.45 0 0 1
2.73308 -2.61989 3.45 0 0 1
2.53308 -1.81989 3.45 0 0 1
2.53308 -2.01989 3.45 0 0 1
2.53308 -2.21989 3.45 0 0 1
2.53308 -2.41989 3.45 0 0 1
2.53308 -2.61989 3.45 0 0 1
2.33308 -1.81989 3.45 0 0 1
2.33308 -2.01989 3.45 0 0 1
2.33308 -2.21989 3.45 0 0 1
2.33308 -2.41989 3.45 0 0 1
2.33308 -2.61989 3.45 0 0 1
2.13308 -1.81989 3.45 0 0 1
2.13308 -2.01989 3.45 0 0 1
2.13308 -2.21989 3.45 0 0 1
2.13308 -2.41989 3.45 0 0 1
2.13308 -2.61989 3.45 0 0 1
