5.70448 1.0761 3.45 0 0 1
5.70448 0.8761 3.45 0 0 1
5.70448 0.6761 3.45 0 0 1
5.70448 0.4761 3.45 0 0 1
5.70448 0.2761 3.45 0 0 1
5.70448 0.0760999 3.45 0 0 1
5.70448 -0.1239 3.45 0 0 1
5.70448 -0.3239 3.45 0 0 1
5.70448 -0.5239 3.45 0 0 1
5.70448 -0.7239 3.45 0 0 1
5.70448 -0.9239 3.45 0 0 1
5.70448 -1.1239 3.45 0 0 1
5.70448 -1.3239 3.45 0 0 1
5.70448 -1.5239 3.45 0 0 1
5.70448 -1.7239 3.45 0 0 1
5.70448 -1.9239 3.45 0 0 1
5.70448 -2.1239 3.45 0 0 1
5.70448 -2.3239 3.45 0 0 1
5.70448 -2.5239 3.45 0 0 1
5.50448 1.0761 3.45 0 0 1
5.50448 0.8761 3.45 0 0 1
5.50448 0.6761 3.45 0 0 1
5.50448 0.4761 3.45 0 0 1
5.50448 0.2761 3.45 0 0 1
5.50448 0.0760999 3.45 0 0 1
5.50448 -0.1239 3.45 0 0 1
5.50448 -0.3239 3.45 0 0 1
5.50448 -0.5239 3.45 0 0 1
5.50448 -0.7239 3.45 0 0 1
5.50448 -0.9239 3.45 0 0 1
5.50448 -1.1239 3.45 0 0 1
5.50448 -1.3239 3.45 0 0 1
5.50448 -1.5239 3.45 0 0 1
5.50448 -1.7239 3.45 0 0 1
5.50448 -1.9239 3.45 0 0 1
5.50448 -2.1239 3.45 0 0 1
5.50448 -2.3239 3.45 0 0 1
5.50448 -2.5239 3.45 0 0 1
5.30448 1.0761 3.45 0 0 1
5.30448 0.8761 3.45 0 0 1
5.30448 0.6761 3.45 0 0 1
5.30448 0.4761 3.45 0 0 1
5.30448 0.2761 3.45 0 0 1
5.30448 0.0760999 3.45 0 0 1
5.30448 -0.1239 3.45 0 0 1
5.30448 -0.3239 3.45 0 0 1
5.30448 -0.5239 3.45 0 0 1
5.30448 -0.7239 3.45 0 0 1
5.30448 -0.9239 3.45 0 0 1
5.30448 -1.1239 3.45 0 0 1
5.30448 -1.3239 3.45 0 0 1
5.30448 -1.5239 3.45 0 0 1
5.30448 -1.7239 3.45 0 0 1
5.30448 -1.9239 3.45 0 0 1
5.30448 -2.1239 3.45 0 0 1
5.30448 -2.3239 3.45 0 0 1
5.30448 -2.5239 3.45 0 0 1
5.10448 1.0761 3.45 0 0 1
5.10448 0.8761 3.45 0 0 1
5.10448 0.6761 3.45 0 0 1
5.10448 0.4761 3.45 0 0 1
5.10448 0.2761 3.45 0 0 1
5.10448 0.0760999 3.45 0 0 1
5.10448 -0.1239 3.45 0 0 1
5.10448 -0.3239 3.45 0 0 1
5.10448 -0.5239 3.45 0 0 1
5.10448 -0.7239 3.45 0 0 1
5.10448 -0.9239 3.45 0 0 1
5.10448 -1.1239 3.45 0 0 1
5.10448 -1.3239 3.45 0 0 1
5.10448 -1.5239 3.45 0 0 1
5.10448 -1.7239 3.45 0 0 1
5.10448 -1.9239 3.45 0 0 1
5.10448 -2.1239 3.45 0 0 1
5.10448 -2.3239 3.45 0 0 1
5.10448 -2.5239 3.45 0 0 1
4.90448 0.2761 3.45 0 0 1
4.90448 0.0760999 3.45 0 0 1
4.90448 -0.1239 3.45 0 0 1
4.90448 -0.3239 3.45 0 0 1
4.90448 -0.5239 3.45 0 0 1
4.90448 -0.7239 3.45 0 0 1
4.90448 -0.9239 3.45 0 0 1
4.90448 -1.1239 3.45 0 0 1
4.90448 -1.3239 3.45 0 0 1
4.90448 -1.5239 3.45 0 0 1
4.90448 -1.7239 3.45 0 0 1
4.90448 -1.9239 3.45 0 0 1
4.90448 -2.1239 3.45 0 0 1
4.90448 -2.3239 3.45 0 0 1
4.90448 -2.5239 3.45 0 0 1
4.70448 0.2761 3.45 0 0 1
4.70448 0.0760999 3.45 0 0 1
4.70448 -0.1239 3.45 0 0 1
4.70448 -0.3239 3.45 0 0 1
4.70448 -0.5239 3.45 0 0 1
4.70448 -0.7239 3.45 0 0 1
4.70448 -0.9239 3.45 0 0 1
4.70448 -1.1239 3.45 0 0 1
4.70448 -1.3239 3.45 0 0 1
4.70448 -1.5239 3.45 0 0 1
4.70448 -1.7239 3.45 0 0 1
4.70448 -1.9239 3.45 0 0 1
4.70448 -2.1239 3.45 0 0 1
4.70448 -2.3239 3.45 0 0 1
4.70448 -2.5239 3.45 0 0 1
4.50448 0.2761 3.45 0 0 1
4.50448 0.0760999 3.45 0 0 1
4.50448 -0.1239 3.45 0 0 1
4.50448 -0.3239 3.45 0 0 1
4.50448 -0.5239 3.45 0 0 1
4.50448 -0.7239 3.45 0 0 1
4.50448 -0.9239 3.45 0 0 1
4.50448 -1.1239 3.45 0 0 1
4.50448 -1.3239 3.45 0 0 1
4.50448 -1.5239 3.45 0 0 1
4.50448 -1.7239 3.45 0 0 1
4.50448 -1.9239 3.45 0 0 1
4.50448 -2.1239 3.45 0 0 1
4.50448 -2.3239 3.45 0 0 1
4.50448 -2.5239 3.45 0 0 1
4.30448 0.2761 3.45 0 0 1
4.30448 0.0760999 3.45 0 0 1
4.30448 -0.1239 3.45 0 0 1
4.30448 -0.3239 3.45 0 0 1
4.30448 -0.5239 3.45 0 0 1
4.30448 -0.7239 3.45 0 0 1
4.30448 -0.9239 3.45 0 0 1
4.30448 -1.1239 3.45 0 0 1
4.30448 -1.3239 3.45 0 0 1
4.30448 -1.5239 3.45 0 0 1
4.30448 -1.7239 3.45 0 0 1
4.30448 -1.9239 3.45 0 0 1
4.30448 -2.1239 3.45 0 0 1
4.30448 -2.3239 3.45 0 0 1
4.30448 -2.5239 3.45 0 0 1
4.10448 0.2761 3.45 0 0 1
4.10448 0.0760999 3.45 0 0 1
4.10448 -0.1239 3.45 0 0 1
4.10448 -0.3239 3.45 0 0 1
4.10448 -0.5239 3.45 0 0 1
4.10448 -0.7239 3.45 0 0 1
4.10448 -0.9239 3.45 0 0 1
4.10448 -1.1239 3.45 0 0 1
4.10448 -1.3239 3.45 0 0 1
4.10448 -1.5239 3.45 0 0 1
4.10448 -1.7239 3.45 0 0 1
4.10448 -1.9239 3.45 0 0 1
4.10448 -2.1239 3.45 0 0 1
4.10448 -2.3239 3.45 0 0 1
4.10448 -2.5239 3.45 0 0 1
3.90448 0.2761 3.45 0 0 1
3.90448 0.0760999 3.45 0 0 1
3.90448 -0.1239 3.45 0 0 1
3.90448 -0.3239 3.45 0 0 1
3.90448 -0.5239 3.45 0 0 1
3.90448 -0.7239 3.45 0 0 1
3.90448 -0.9239 3.45 0 0 1
3.90448 -1.1239 3.45 0 0 1
3.70448 0.2761 3.45 0 0 1
3.70448 0.0760999 3.45 0 0 1
3.70448 -0.1239 3.45 0 0 1
3.70448 -0.3239 3.45 0 0 1
3.70448 -0.5239 3.45 0 0 1
3.70448 -0.7239 3.45 0 0 1
3.70448 -0.9239 3.45 0 0 1
3.70448 -1.1239 3.45 0 0 1
3.50448 0.2761 3.45 0 0 1
3.50448 0.0760999 3.45 0 0 1
3.50448 -0.1239 3.45 0 0 1
3.50448 -0.3239 3.45 0 0 1
3.50448 -0.5239 3.45 0 0 1
3.50448 -0.7239 3.45 0 0 1
3.50448 -0.9239 3.45 0 0 1
3.50448 -1.1239 3.45 0 0 1
3.30448 0.2761 3.45 0 0 1
3.30448 0.0760999 3.45 0 0 1
3.30448 -0.1239 3.45 0 0 1
3.30448 -0.3239 3.45 0 0 1
3.30448 -0.5239 3.45 0 0 1
3.30448 -0.7239 3.45 0 0 1
3.30448 -0.9239 3.45 0 0 1
3.30448 -1.1239 3.45 0 0 1
3.10448 0.2761 3.45 0 0 1
3.10448 0.0760999 3.45 0 0 1
3.10448 -0.1239 3.45 0 0 1
3.10448 -0.3239 3.45 0 0 1
3.10448 -0.5239 3.45 0 0 1
3.10448 -0.7239 3.45 0 0 1
3.10448 -0.9239 3.45 0 0 1
3.10448 -1.1239 3.45 0 0 1
2.90448 0.2761 3.45 0 0 1
2.90448 0.0760999 3.45 0 0 1
2.90448 -0.1239 3.45 0 0 1
2.90448 -0.3239 3.45 0 0 1
2.90448 -0.5239 3.45 0 0 1
2.90448 -0.7239 3.45 0 0 1
2.90448 -0.9239 3.45 0 0 1
2.90448 -1.1239 3.45 0 0 1
2.70448 0.2761 3.45 0 0 1
2.70448 0.0760999 3.45 0 0 1
2.70448 -0.1239 3.45 0 0 1
2.70448 -0.3239 3.45 0 0 1
2.70448 -0.5239 3.45 0 0 1
2.70448 -0.7239 3.45 0 0 1
2.70448 -0.9239 3.45 0 0 1
2.70448 -1.1239 3.45 0 0 1
2.50448 0.2761 3.45 0 0 1
2.50448 0.0760999 3.45 0 0 1
2.50448 -0.1239 3.45 0 0 1
2.50448 -0.3239 3.45 0 0 1
2.50448 -0.5239 3.45 0 0 1
2.50448 -0.7239 3.45 0 0 1
2.50448 -0.9239 3.45 0 0 1
2.50448 -1.1239 3.45 0 0 1
2.30448 0.2761 3.45 0 0 1
2.30448 0.0760999 3.45 0 0 1
2.30448 -0.1239 3.45 0 0 1
2.30448 -0.3239 3.45 0 0 1
2.30448 -0.5239 3.45 0 0 1
2.30448 -0.7239 3.45 0 0 1
2.30448 -0.9239 3.45 0 0 1
2.30448 -1.1239 3.45 0 0 1
