4.35237 4.9511 3.45 0 0 1
4.55237 4.9511 3.45 0 0 1
4.75237 4.9511 3.45 0 0 1
4.95237 4.9511 3.45 0 0 1
5.15237 4.9511 3.45 0 0 1
5.35237 4.9511 3.45 0 0 1
5.55237 4.9511 3.45 0 0 1
5.75237 4.9511 3.45 0 0 1
4.35237 4.7511 3.45 0 0 1
4.55237 4.7511 3.45 0 0 1
4.75237 4.7511 3.45 0 0 1
4.95237 4.7511 3.45 0 0 1
5.15237 4.7511 3.45 0 0 1
5.35237 4.7511 3.45 0 0 1
5.55237 4.7511 3.45 0 0 1
5.75237 4.7511 3.45 0 0 1
4.35237 4.5511 3.45 0 0 1
4.55237 4.5511 3.45 0 0 1
4.75237 4.5511 3.45 0 0 1
4.95237 4.5511 3.45 0 0 1
5.15237 4.5511 3.45 0 0 1
5.35237 4.5511 3.45 0 0 1
5.55237 4.5511 3.45 0 0 1
5.75237 4.5511 3.45 0 0 1
4.35237 4.3511 3.45 0 0 1
4.55237 4.3511 3.45 0 0 1
4.75237 4.3511 3.45 0 0 1
4.95237 4.3511 3.45 0 0 1
5.15237 4.3511 3.45 0 0 1
5.35237 4.3511 3.45 0 0 1
5.55237 4.3511 3.45 0 0 1
5.75237 4.3511 3.45 0 0 1
4.35237 4.1511 3.45 0 0 1
4.55237 4.1511 3.45 0 0 1
4.75237 4.1511 3.45 0 0 1
4.95237 4.1511 3.45 0 0 1
5.15237 4.1511 3.45 0 0 1
5.35237 4.1511 3.45 0 0 1
5.55237 4.1511 3.45 0 0 1
5.75237 4.1511 3.45 0 0 1
4.35237 3.9511 3.45 0 0 1
4.55237 3.9511 3.45 0 0 1
4.75237 3.9511 3.45 0 0 1
4.95237 3.9511 3.45 0 0 1
5.15237 3.9511 3.45 0 0 1
5.35237 3.9511 3.45 0 0 1
5.55237 3.9511 3.45 0 0 1
5.75237 3.9511 3.45 0 0 1
4.35237 3.7511 3.45 0 0 1
4.55237 3.7511 3.45 0 0 1
4.75237 3.7511 3.45 0 0 1
4.95237 3.7511 3.45 0 0 1
5.15237 3.7511 3.45 0 0 1
5.35237 3.7511 3.45 0 0 1
5.55237 3.7511 3.45 0 0 1
5.75237 3.7511 3.45 0 0 1
4.35237 3.5511 3.45 0 0 1
4.55237 3.5511 3.45 0 0 1
4.75237 3.5511 3.45 0 0 1
4.95237 3.5511 3.45 0 0 1
5.15237 3.5511 3.45 0 0 1
5.35237 3.5511 3.45 0 0 1
5.55237 3.5511 3.45 0 0 1
5.75237 3.5511 3.45 0 0 1
4.35237 3.3511 3.45 0 0 1
4.55237 3.3511 3.45 0 0 1
4.75237 3.3511 3.45 0 0 1
4.95237 3.3511 3.45 0 0 1
5.15237 3.3511 3.45 0 0 1
5.35237 3.3511 3.45 0 0 1
5.55237 3.3511 3.45 0 0 1
5.75237 3.3511 3.45 0 0 1
4.35237 3.1511 3.45 0 0 1
4.55237 3.1511 3.45 0 0 1
4.75237 3.1511 3.45 0 0 1
4.95237 3.1511 3.45 0 0 1
5.15237 3.1511 3.45 0 0 1
5.35237 3.1511 3.45 0 0 1
5.55237 3.1511 3.45 0 0 1
5.75237 3.1511 3.45 0 0 1
4.35237 2.9511 3.45 0 0 1
4.55237 2.9511 3.45 0 0 1
4.75237 2.9511 3.45 0 0 1
4.95237 2.9511 3.45 0 0 1
5.15237 2.9511 3.45 0 0 1
5.35237 2.9511 3.45 0 0 1
5.55237 2.9511 3.45 0 0 1
5.75237 2.9511 3.45 0 0 1
4.35237 2.7511 3.45 0 0 1
4.55237 2.7511 3.45 0 0 1
4.75237 2.7511 3.45 0 0 1
4.95237 2.7511 3.45 0 0 1
5.15237 2.7511 3.45 0 0 1
5.35237 2.7511 3.45 0 0 1
5.55237 2.7511 3.45 0 0 1
5.75237 2.7511 3.45 0 0 1
4.35237 2.5511 3.45 0 0 1
4.55237 2.5511 3.45 0 0 1
4.75237 2.5511 3.45 0 0 1
4.95237 2.5511 3.45 0 0 1
5.15237 2.5511 3.45 0 0 1
5.35237 2.5511 3.45 0 0 1
5.55237 2.5511 3.45 0 0 1
5.75237 2.5511 3.45 0 0 1
4.35237 2.3511 3.45 0 0 1
4.55237 2.3511 3.45 0 0 1
4.75237 2.3511 3.45 0 0 1
4.95237 2.3511 3.45 0 0 1
5.15237 2.3511 3.45 0 0 1
5.35237 2.3511 3.45 0 0 1
5.55237 2.3511 3.45 0 0 1
5.75237 2.3511 3.45 0 0 1
4.35237 2.1511 3.45 0 0 1
4.55237 2.1511 3.45 0 0 1
4.75237 2.1511 3.45 0 0 1
4.95237 2.1511 3.45 0 0 1
5.15237 2.1511 3.45 0 0 1
5.35237 2.1511 3.45 0 0 1
5.55237 2.1511 3.45 0 0 1
5.75237 2.1511 3.45 0 0 1
4.35237 1.9511 3.45 0 0 1
4.55237 1.9511 3.45 0 0 1
4.75237 1.9511 3.45 0 0 1
4.95237 1.9511 3.45 0 0 1
5.15237 1.9511 3.45 0 0 1
5.35237 1.9511 3.45 0 0 1
5.55237 1.9511 3.45 0 0 1
5.75237 1.9511 3.45 0 0 1
4.35237 1.7511 3.45 0 0 1
4.55237 1.7511 3.45 0 0 1
4.75237 1.7511 3.45 0 0 1
4.95237 1.7511 3.45 0 0 1
5.15237 1.7511 3.45 0 0 1
5.35237 1.7511 3.45 0 0 1
5.55237 1.7511 3.45 0 0 1
5.75237 1.7511 3.45 0 0 1
