3.75237 4.9511 3.42 0 0 1
3.75237 4.7511 3.42 0 0 1
3.75237 4.5511 3.42 0 0 1
3.75237 4.3511 3.42 0 0 1
3.75237 4.1511 3.42 0 0 1
3.75237 3.9511 3.42 0 0 1
3.75237 3.7511 3.42 0 0 1
3.75237 3.5511 3.42 0 0 1
3.75237 3.3511 3.42 0 0 1
3.75237 3.1511 3.42 0 0 1
3.75237 2.9511 3.42 0 0 1
3.75237 2.7511 3.42 0 0 1
3.75237 2.5511 3.42 0 0 1
3.55237 4.9511 3.42 0 0 1
3.55237 4.7511 3.42 0 0 1
3.55237 4.5511 3.42 0 0 1
3.55237 4.3511 3.42 0 0 1
3.55237 4.1511 3.42 0 0 1
3.55237 3.9511 3.42 0 0 1
3.55237 3.7511 3.42 0 0 1
3.55237 3.5511 3.42 0 0 1
3.55237 3.3511 3.42 0 0 1
3.55237 3.1511 3.42 0 0 1
3.55237 2.9511 3.42 0 0 1
3.55237 2.7511 3.42 0 0 1
3.55237 2.5511 3.42 0 0 1
3.35237 4.9511 3.42 0 0 1
3.35237 4.7511 3.42 0 0 1
3.35237 4.5511 3.42 0 0 1
3.35237 4.3511 3.42 0 0 1
3.35237 4.1511 3.42 0 0 1
3.35237 3.9511 3.42 0 0 1
3.35237 3.7511 3.42 0 0 1
3.35237 3.5511 3.42 0 0 1
3.35237 3.3511 3.42 0 0 1
3.35237 3.1511 3.42 0 0 1
3.35237 2.9511 3.42 0 0 1
3.35237 2.7511 3.42 0 0 1
3.35237 2.5511 3.42 0 0 1
3.15237 4.9511 3.42 0 0 1
3.15237 4.7511 3.42 0 0 1
3.15237 4.5511 3.42 0 0 1
3.15237 4.3511 3.42 0 0 1
3.15237 4.1511 3.42 0 0 1
3.15237 3.9511 3.42 0 0 1
3.15237 3.7511 3.42 0 0 1
3.15237 3.5511 3.42 0 0 1
3.15237 3.3511 3.42 0 0 1
3.15237 3.1511 3.42 0 0 1
3.15237 2.9511 3.42 0 0 1
3.15237 2.7511 3.42 0 0 1
3.15237 2.5511 3.42 0 0 1
2.95237 4.9511 3.42 0 0 1
2.95237 4.7511 3.42 0 0 1
2.95237 4.5511 3.42 0 0 1
2.95237 4.3511 3.42 0 0 1
2.95237 4.1511 3.42 0 0 1
2.95237 3.9511 3.42 0 0 1
2.95237 3.7511 3.42 0 0 1
2.95237 3.5511 3.42 0 0 1
2.95237 3.3511 3.42 0 0 1
2.95237 3.1511 3.42 0 0 1
2.95237 2.9511 3.42 0 0 1
2.95237 2.7511 3.42 0 0 1
2.95237 2.5511 3.42 0 0 1
2.75237 4.9511 3.42 0 0 1
2.75237 4.7511 3.42 0 0 1
2.75237 4.5511 3.42 0 0 1
2.75237 4.3511 3.42 0 0 1
2.75237 4.1511 3.42 0 0 1
2.75237 3.9511 3.42 0 0 1
2.75237 3.7511 3.42 0 0 1
2.75237 3.5511 3.42 0 0 1
2.75237 3.3511 3.42 0 0 1
2.75237 3.1511 3.42 0 0 1
2.75237 2.9511 3.42 0 0 1
2.75237 2.7511 3.42 0 0 1
2.75237 2.5511 3.42 0 0 1
2.55237 4.9511 3.42 0 0 1
2.55237 4.7511 3.42 0 0 1
2.55237 4.5511 3.42 0 0 1
2.55237 4.3511 3.42 0 0 1
2.55237 4.1511 3.42 0 0 1
2.55237 3.9511 3.42 0 0 1
2.55237 3.7511 3.42 0 0 1
2.55237 3.5511 3.42 0 0 1
2.55237 3.3511 3.42 0 0 1
2.55237 3.1511 3.42 0 0 1
2.55237 2.9511 3.42 0 0 1
2.55237 2.7511 3.42 0 0 1
2.55237 2.5511 3.42 0 0 1
2.35237 4.9511 3.42 0 0 1
2.35237 4.7511 3.42 0 0 1
2.35237 4.5511 3.42 0 0 1
2.35237 4.3511 3.42 0 0 1
2.35237 4.1511 3.42 0 0 1
2.35237 3.9511 3.42 0 0 1
2.35237 3.7511 3.42 0 0 1
2.35237 3.5511 3.42 0 0 1
2.35237 3.3511 3.42 0 0 1
2.35237 3.1511 3.42 0 0 1
2.35237 2.9511 3.42 0 0 1
2.35237 2.7511 3.42 0 0 1
2.35237 2.5511 3.42 0 0 1
2.15237 4.9511 3.42 0 0 1
2.15237 4.7511 3.42 0 0 1
2.15237 4.5511 3.42 0 0 1
2.15237 4.3511 3.42 0 0 1
2.15237 4.1511 3.42 0 0 1
2.15237 3.9511 3.42 0 0 1
2.15237 3.7511 3.42 0 0 1
2.15237 3.5511 3.42 0 0 1
2.15237 3.3511 3.42 0 0 1
2.15237 3.1511 3.42 0 0 1
2.15237 2.9511 3.42 0 0 1
2.15237 2.7511 3.42 0 0 1
2.15237 2.5511 3.42 0 0 1
